#cosmological_parameters--ommh2    cosmological_parameters--h0    cosmological_parameters--ombh2    cosmological_parameters--tau    cosmological_parameters--n_s    cosmological_parameters--a_s
1.534718489954577526e-05 -6.246496981026992263e-05 -3.308109314917172616e-07 -7.475978567369657826e-06 -1.813697967633593551e-05 8.419799877370690404e-14
-6.246496981026992263e-05 3.833774925619033323e-04 5.806868306088401711e-06 5.226004169934031496e-05 1.632814921295620749e-04 -1.554463482472864218e-13
-3.308109314917172616e-07 5.806868306088401711e-06 2.068473837072968488e-07 1.117178103530130555e-06 4.343183381846044400e-06 5.881245216753692953e-15
-7.475978567369657826e-06 5.226004169934031496e-05 1.117178103530130555e-06 1.647495665314762227e-04 4.609835092886470088e-05 7.036315623229412376e-13
-1.813697967633593551e-05 1.632814921295620749e-04 4.343183381846044400e-06 4.609835092886470088e-05 1.334010069432798597e-04 1.747385867003040719e-13
8.419799877370690404e-14 -1.554463482472864218e-13 5.881245216753692953e-15 7.036315623229412376e-13 1.747385867003040719e-13 4.088339993763200154e-21
