[cosmological_parameters]
ommh2 = 0.05   0.128580559014883  0.25
h0  =  0.5    0.72550194314801075    0.9
ombh2 = 0.01  0.022423250049654054   0.04
tau  =  0.05    0.084503216658575936    0.11
n_s  =  0.8    0.97516976413530432    1.1
a_s  =  2e-09    2.1208320120685232e-09    2.4e-09


omega_k  =  0.0
w  =  -1.0
wa  =  0.0

