[cosmological_parameters]
omega_m =  0.1    0.268  1.0
omega_b =  0.01   0.043  0.3
n_s     =  0.5    0.96   1.5
A_s     =  1.0e-9 2.1e-9 3.0e-9
h0      =  0.4    0.71   1.0
opt_tau =  0.01   0.08   0.5

[planck]

A_ps_100	= 7.49108434584e-05
A_ps_143	= 165.1353
A_ps_217	= 76.39213
A_cib_143	= 60.77742
A_cib_217	= 3.398082
A_sz		= 50.41162
r_ps		= 5.524766
r_cib		= 0.8558138
n_Dl_cib	= 1.0
cal_100		= 0.5481185
cal_143		= 1.000681
cal_217		= 1.000053
xi_sz_cib	= 0.0
A_ksz		= 0.7174075
Bm_1_1		= 0.7095247












