#cosmological_parameters--ommh2    cosmological_parameters--h0    cosmological_parameters--ombh2    cosmological_parameters--tau    cosmological_parameters--n_s    cosmological_parameters--a_s
7.748285890095650620e-06 -2.832278404631648883e-05 -1.121730465335634733e-08 -6.774726203421457959e-07 -5.792101346909094631e-06 5.454319990292903591e-14
-2.832278404631648883e-05 1.658643332067721745e-04 1.853295176444972642e-06 -5.073403150823161215e-06 4.175627395075187225e-05 -2.263682249454744229e-13
-1.121730465335634733e-08 1.853295176444972642e-06 1.205911785680798066e-07 -1.650698468649595846e-07 1.670309943388035201e-06 -6.095907744399509316e-16
-6.774726203421457959e-07 -5.073403150823161215e-06 -1.650698468649595846e-07 7.568745126537931629e-06 1.924198549925816874e-07 2.254099266757649682e-14
-5.792101346909094631e-06 4.175627395075187225e-05 1.670309943388035201e-06 1.924198549925816874e-07 5.917537517569335022e-05 -1.485353706063338441e-14
5.454319990292903591e-14 -2.263682249454744229e-13 -6.095907744399509316e-16 2.254099266757649682e-14 -1.485353706063338441e-14 5.780016173349244393e-22
