[cosmological_parameters]
omega_m  =  0.15    0.29352189787340449    0.4
h0  =  0.7
w  =  -1.0
omega_b  =  0.04
omega_k  =  0.0

[supernova_params]
deltam  =  -0.2    0.040269532043826217    0.2
alpha  =  0.12    0.13674955412354009    0.16
beta  =  2.0    3.1028966354347833    3.5
m  =  -19.1  -19.0   -18.9

