[cosmological_parameters]
omega_m  =  0.2    0.2935148566413599    0.4
h0  =  0.5    0.73800089258391999    1.0
w  =  -1.0
omega_b  =  0.04
omega_k  =  0.0

[supernova_params]
deltam  =  -10.0    0.040281808929275797    10.0
alpha  =  0.12    0.13675033800637484    0.16
beta  =  2.0    3.1029245604093223    10.0
m  =  -19.0

