[cosmological_parameters]
omega_m  =  0.2    0.29352189787340449    0.4
h0  =  0.5    0.73799558006015664    1.0
w  =  -1.0
omega_b  =  0.04
omega_k  =  0.0

[supernova_params]
deltam  =  -10.0    0.040269532043826217    10.0
alpha  =  0.12    0.13674955412354009    0.16
beta  =  2.0    3.1028966354347833    10.0
m  =  -19.0

