[cosmological_parameters]

; Now we have some new parameters added to make sure we 
;do tensor modes for BICEP:


r_t = 0.2
n_run = 0.0
n_t = 0.0

omega_m = 0.3
h0 = 0.72
omega_b = 0.04
tau = 0.08
n_s = 0.96
A_s = 2.1e-9
omega_k = 0.0
w = -1.0
wa = 0.0

[planck]
; These are default values
A_ps_100	= 165.13530000000000 
A_ps_143	= 76.392129999999995     
A_ps_217	= 60.777419999999999     
A_cib_143	= 3.3980820000000000     
A_cib_217	= 50.411619999999999     
A_sz		= 5.5247659999999996    
r_ps		= 0.85581379999999996    
r_cib		= 1.0000000000000000 
n_Dl_cib	= 0.54811849999999995
cal_100		= 1.0006809999999999
cal_143		= 1.0000000000000000    
cal_217		= 1.0000530000000001  
xi_sz_cib	= 0.0000000000000000     
A_ksz		= 0.71740749999999998     
Bm_1_1		= 0.70952470000000001
